time,x,y,z,phi,theta,psi,x_velocity,y_velocity,z_velocity,phi_velocity,theta_velocity,psi_velocity,rotor_speed1,rotor_speed2,rotor_speed3,rotor_speed4
0.06,-3.65954785355e-07,3.69788225109e-07,10.0065612893,0.000294829860798,0.000292348324087,0.0,-3.14083769951e-05,3.17113351613e-05,0.21869256331,0.0132737330627,0.0131720592618,0.0,471.8479086374213,472.8634457149449,473.26143682197653,474.2817541917078
0.12000000000000001,-1.28628886209e-05,1.29708860843e-05,10.02607736,0.000672813564493,0.0011449437028,0.0,-0.000482778913123,0.000465250157418,0.431786236139,-0.0137223818811,0.016208743969,0.0,471.2077334297856,471.4422639409333,472.7065680361443,470.62196458605644
0.18,-6.89401224835e-05,5.20488406809e-05,10.0547178088,0.000315090630117,0.00222198617198,0.0,-0.00148980464621,0.000781210957152,0.522857446294,0.00623863218348,0.0212247382489,0.0,435.02528536290475,435.44497285841635,432.4625787283852,434.14047230349286
0.23999999999999996,-0.000217162657137,0.000108225816179,10.0923366171,0.000246226038863,0.00357630906242,0.0,-0.00360588969285,0.00111779905853,0.730992181726,-0.02308899268,0.0251387333446,0.0,469.5764552313915,469.8799357952625,471.9549117981771,469.6862462335447
0.3,-0.000517446567215,0.000174974208958,10.1402781695,6.2818269494,0.00520083983354,0.0,-0.006571612954,0.000948026817999,0.866965137359,-0.0352906656192,0.0306915747408,0.0,448.4810633841413,448.9319537309805,449.26050335857644,448.27003809946893
0.36000000000000004,-0.00101111522943,0.000200443934038,10.1925826353,6.27932574031,0.00687163003931,0.0,-0.0100402182864,-0.000299412934997,0.876508367634,-0.0592634715015,0.021444821128,0.0,408.9685436747119,408.14448167758354,408.4646190869285,406.3200929441101
0.4200000000000001,-0.0017683455051,8.55047194599e-05,10.2490592715,6.27608719629,0.00919343332647,0.0,-0.0154054547812,-0.00389094780989,1.00593747107,-0.0450803257225,0.060490332874,0.0,444.81475723768045,448.0010673297998,446.8973964358425,448.04985271030046
0.48000000000000015,-0.00291838030597,-0.000321574377426,10.314644876,6.27364125844,0.0125720449913,0.0,-0.023325210213,-0.00996672189695,1.18007912167,-0.033295692717,0.0462681436737,0.0,461.2959046564669,460.17360076395994,460.53816521961414,461.4683913896233
0.5400000000000001,-0.0045601315051,-0.00110281582704,10.3862997222,6.27191600671,0.014955104318,0.0,-0.0316398801774,-0.0162432878733,1.208380941,-0.0209439894496,0.0215147214641,0.0,415.8923800791525,413.7197136597542,414.61098785082123,415.69432015876987
0.6000000000000002,-0.00680315624922,-0.00233843168932,10.4638291628,6.27038515235,0.0160671708601,0.0,-0.0432602395099,-0.0250954663442,1.37574304859,-0.036729899797,0.0117855144774,0.0,460.09216687764706,459.32125044529937,459.45471070760453,458.2014515871502
0.6600000000000003,-0.00972005775324,-0.00410586270254,10.5485445453,6.26840573529,0.0168020785119,0.0,-0.054039048044,-0.0340216056546,1.4480097233,-0.0264014501936,0.0131586245824,0.0,430.5817337286655,430.69775468792426,428.83477755810674,429.7106479013431
0.7200000000000003,-0.0133220987013,-0.00646686152745,10.6389886198,6.26701711603,0.0173142217121,0.0,-0.066096882027,-0.0448310064272,1.56663341572,-0.0173165591443,-0.0028444986419,0.0,445.84508134385163,444.53568298652306,444.23284287261987,444.9770471967841
0.7800000000000004,-0.017768317547,-0.00961120003251,10.7431036501,6.26559976391,0.017301299415,0.0,-0.0820900154823,-0.0601341296603,1.90336671473,-0.0408463194592,0.00458353607083,0.0,508.90091267995103,509.43228731295557,509.3739352079818,507.6885638596855
0.8400000000000004,-0.0231156552899,-0.0136579006489,10.8639556899,6.26303302215,0.0174697421266,0.0,-0.0961750025762,-0.0750494767351,2.12464322569,-0.0469541725297,-0.00100552223806,0.0,477.04020528887594,476.6132089520645,477.9986767783959,477.53214476887933
0.9000000000000005,-0.0292180591217,-0.0185537787277,10.9927767132,6.26022128378,0.0172696747697,0.0,-0.107225459468,-0.0884088004312,2.16930063694,-0.046679263274,-0.0084550792459,0.0,423.697856664013,423.05699657003635,423.6939539463654,423.71615774147824
0.9600000000000005,-0.036025615291,-0.0243681116801,11.1269860636,6.2575629015,0.0173579858221,0.0,-0.119671841984,-0.105688255168,2.30407436276,-0.0399403836399,0.0162432539745,0.0,451.3632011065911,453.3519839150336,452.162636967771,452.70408890001596
1.0200000000000005,-0.0435035025073,-0.0311511818803,11.2645150933,6.25523766406,0.0183788328613,0.0,-0.129675697741,-0.120612922397,2.28026630188,-0.0364814075133,0.0185128209735,0.0,401.32407820164264,401.52997542038844,400.89472643696644,401.2079705631146
1.0800000000000005,-0.0517061659111,-0.0390311760936,11.4063465646,6.25271102433,0.0196836636876,0.0,-0.143876220854,-0.142303867751,2.44709494486,-0.0568084858437,0.0275367292461,0.0,463.1439518374453,463.8531101635453,462.60406161930797,460.99973822437795
1.1400000000000006,-0.0606942527606,-0.048121133196,11.5532413618,6.24887479147,0.0218574549694,0.0,-0.155897880871,-0.161006062336,2.44937728531,-0.0846405770412,0.0495680146261,0.0,410.0392669316032,411.9924577488482,412.07105663637583,409.59965279266663
1.2000000000000006,-0.0704902360133,-0.0584763780591,11.7022428048,6.24376538148,0.0247763883442,0.0,-0.170918456166,-0.184658664054,2.51716189084,-0.0862091497418,0.0467448663606,0.0,432.9173543991882,432.68127326913947,432.54522741831613,432.40693242746755
1.2600000000000007,-0.0813531695374,-0.070524738404,11.859599263,6.23892164682,0.0275971273375,0.0,-0.19150042008,-0.217524151757,2.72753659436,-0.071562312168,0.0475417545296,0.0,476.5952306797676,476.65729215897164,476.32242999615414,477.4363346145088
1.3200000000000007,-0.0934892647883,-0.0846096245372,12.0285165217,6.23503788907,0.0304224744883,0.0,-0.213345574214,-0.252411930431,2.90257321285,-0.053721526383,0.0461684280522,0.0,467.9437850763656,467.8380764461674,466.1419812618361,467.5310773709839
1.3800000000000008,-0.106950838675,-0.100793896412,12.2063221376,6.23223436661,0.0331853670575,0.0,-0.235655301502,-0.287362511065,3.02393445862,-0.0355030358036,0.0458067588193,0.0,452.6684322029062,452.640532720014,450.6614221935452,452.1302607833987
1.4400000000000008,-0.121826051637,-0.119154384949,12.3918582975,6.23028277031,0.0365105001774,0.0,-0.260504512626,-0.324853612632,3.16020483824,-0.0271555155275,0.0698283379111,0.0,456.6682152267685,458.5822093760108,456.7031873053143,457.3681277347473
1.5000000000000009,-0.138244327511,-0.139768616956,12.5848813815,6.22871796708,0.0402596701322,0.0,-0.287180087228,-0.362436726476,3.27354386219,-0.0240117799678,0.0407774250136,0.0,452.2529856828216,449.90951894156325,451.02444452576174,451.27815419952304
1.560000000000001,-0.156431431581,-0.162798146652,12.7870391893,6.22756481374,0.0431171298641,0.0,-0.319343863028,-0.405332402479,3.46445611377,-0.0110375390084,0.0586518706172,0.0,474.8983436530306,476.26860988248075,474.4471847310081,475.4423365064379
1.620000000000001,-0.176478763008,-0.188245671969,12.9974271366,6.22721269525,0.0469865035457,0.0,-0.349259938474,-0.442954139292,3.54818632979,0.00285997812275,0.0741566928861,0.0,443.3668599365807,444.64194918413494,443.1553089046985,444.29633584095933
1.680000000000001,-0.198308621124,-0.215845554773,13.2108763124,6.2273651399,0.0513397291008,0.0,-0.378796150931,-0.477025759741,3.56669685204,0.00189446453609,0.0691400272761,0.0,424.69220425969326,424.26600940087536,422.44488163688607,422.36156184849966
1.740000000000001,-0.221981758866,-0.245479371976,13.4252830347,6.2273501255,0.0557534634543,0.0,-0.41069018519,-0.51076295504,3.58011760462,-0.00492788022438,0.0811917719597,0.0,421.341854806535,422.3870337022097,422.34303392357367,421.7541727539598
1.8000000000000012,-0.247928472301,-0.277411992132,13.6453628937,6.22720057106,0.0612519920902,0.0,-0.454761853387,-0.553652166221,3.75526106521,0.00198064817725,0.10698618949,0.0,471.3399911722108,473.33560581186185,472.93261599873193,473.4645049707099
1.8600000000000012,-0.276387028288,-0.311683124315,13.8717169556,6.22765707944,0.0676962894913,0.0,-0.494443898694,-0.588685880228,3.78970424929,0.0169876594102,0.108228903639,0.0,430.40486757489066,430.5205788557941,429.72111431104275,430.9913572939687
1.9200000000000013,-0.307660046209,-0.348295912257,14.1046478859,6.22857128733,0.0743761753906,0.0,-0.54870187804,-0.631596228297,3.97396251744,0.011482670504,0.116904156782,0.0,476.77414350353433,477.44653691289767,477.2468355555862,476.826332677395
1.9800000000000013,-0.342099941767,-0.387287141665,14.3453812312,6.22925403816,0.0814542516011,0.0,-0.599968621411,-0.66803087673,4.0501374431,0.0111713947575,0.120012971252,0.0,445.2563463362729,445.5230815333208,445.92114531555603,445.8955900813375
2.0400000000000014,-0.379955053575,-0.428576841475,14.5930350353,6.23102313722,0.0891681129083,0.0,-0.662646789379,-0.708114476669,4.204337717,0.0521292348055,0.141724020423,0.0,469.98519308591847,471.6788410355334,468.1794038078713,471.3557730392197
2.1000000000000014,-0.421834538667,-0.47227266007,14.8508652208,6.23441111265,0.0983308499573,0.0,-0.734290481256,-0.748004964086,4.38919466833,0.0639689743437,0.168632554604,0.0,479.7600854246481,481.81849307165913,480.1247672246771,481.02415444144503
2.1600000000000015,-0.467828512704,-0.518088221678,15.1157574781,6.23779280494,0.108814210954,0.0,-0.799798839701,-0.778824906513,4.44022918499,0.0333334011595,0.18472833098,0.0,441.548630794052,442.9039105677787,442.0989185950696,439.569192069576
2.2200000000000015,-0.518193039094,-0.565790609267,15.3858033781,6.23935008441,0.119445319133,0.0,-0.880110698061,-0.811039238491,4.56065258954,0.00405666382154,0.15452732363,0.0,465.58907723566233,463.2480032924701,464.3996201534873,462.0973622710601
2.2800000000000016,-0.573520363186,-0.615372862531,15.6624293261,6.23915426459,0.128785449804,0.0,-0.965029186626,-0.841674256144,4.65963392496,-0.0248854288672,0.1578566477,0.0,459.2228325098695,459.5089200028794,459.01518615082074,456.712395244336
2.3400000000000016,-0.63417458738,-0.666815983059,15.9452541528,6.23825136555,0.138144994595,0.0,-1.05768613221,-0.873191407401,4.76720544751,-0.000379468992407,0.151981355761,0.0,462.08623510610926,461.6447955425562,462.1177778439069,464.04572976672716
2.4000000000000017,-0.700353619027,-0.720090374532,16.232873329,6.23770092174,0.147198136287,0.0,-1.14910903325,-0.902624739301,4.81967783266,-0.0395461673894,0.148602027258,0.0,447.0474953399264,446.793300975194,448.05393089585783,444.85784847105776
2.4600000000000017,-0.772466922732,-0.77523345288,16.5254325325,6.23553986842,0.156877886509,0.0,-1.25556076075,-0.935683123594,4.93155571542,-0.02975990179,0.17903741023,0.0,465.3178827778285,467.71732333313633,465.2097228791998,465.9749365814513
2.520000000000002,-0.850585135589,-0.832224584569,16.8209707052,6.23439309475,0.167445168746,0.0,-1.34929124882,-0.964138380692,4.91951502759,-0.00354666676748,0.169548274678,0.0,427.97419743826185,427.1968064678665,427.93799411276507,430.1638060814558
2.580000000000002,-0.934027561641,-0.890800722847,17.112936596,6.23421153795,0.177635532124,0.0,-1.43292438928,-0.988433756936,4.81292128952,-0.00200427002966,0.170414541147,0.0,396.6124770572443,396.72349627612635,395.56087542078274,395.7029736072855
2.640000000000002,-1.02352977448,-0.951078296006,17.4033912475,6.23393510836,0.187552736185,0.0,-1.55139314165,-1.02081917782,4.86835727915,-0.0104007352747,0.15231889981,0.0,450.58769438522603,449.1476872975278,450.89353356347016,450.21467641618176
2.700000000000002,-1.12120868543,-1.01353028193,17.7017145119,6.23442286001,0.196449426915,0.0,-1.70544522898,-1.06085164556,5.07447590418,0.0309446923546,0.13865107532,0.0,497.0780511072729,496.0933138239171,495.4146381203324,498.4457462668586
2.760000000000002,-1.22694944191,-1.07802744659,18.0054238219,6.23585777093,0.204909259845,0.0,-1.81996402549,-1.08891610392,5.04901185258,0.00364946555112,0.145314329715,0.0,428.63751299048016,429.2227353912895,427.6458773352062,425.3142021488126
2.820000000000002,-1.34017418889,-1.14429498339,18.3097894836,6.23620054399,0.213862305444,0.0,-1.95497062649,-1.11995907107,5.0959526189,0.00954978380293,0.156053676944,0.0,451.3652088336879,452.25163137721086,451.34605161034375,451.8219787716449
2.880000000000002,-1.46169489512,-1.21242057372,18.6170158286,6.23760566605,0.222903852075,0.0,-2.09652841432,-1.15077635807,5.14432932274,0.0422459689962,0.136941960146,0.0,453.85136326665594,452.3352264194773,452.32176657879404,454.9477476585694
2.940000000000002,-1.59128985967,-1.28224595695,18.924503161,6.23994489558,0.232111332366,0.0,-2.22405619362,-1.1765450541,5.1050955344,0.0315110276127,0.174625270701,0.0,424.5151728684765,427.7591827809178,426.2565299267974,425.3388012060527
3.000000000000002,-1.72900695344,-1.35363720975,19.2308851959,6.24192503607,0.242174489562,0.0,-2.3673989269,-1.20298923296,5.10720623504,0.0358290168836,0.148043698956,0.0,440.8322906417454,438.6565975692645,440.4005821826208,440.75808448882606
3.0600000000000023,-1.87625614356,-1.42670297007,19.5403694072,6.24349624156,0.250925235369,0.0,-2.54167131276,-1.23230196614,5.20799473867,-0.0128094078596,0.141047621851,0.0,472.3721112537125,471.8507311568348,474.4346503838727,470.6849318659927
3.1200000000000023,-2.03412464293,-1.50150362562,19.8557561208,6.24262044562,0.259331745,0.0,-2.72132397304,-1.26110604474,5.30392276094,-0.0184345432046,0.138163115722,0.0,473.3494564799113,473.1443170696065,472.6060691312928,472.17235115655967
3.1800000000000024,-2.20250005303,-1.5779817915,20.1751454075,6.2417150595,0.268399458543,0.0,-2.89192790009,-1.28823843965,5.34167815053,-0.00912301143947,0.169072524283,0.0,455.5981349021003,458.08331022249865,456.1742090004223,456.91739714640767
3.2400000000000024,-2.38092302143,-1.65604650399,20.4953950417,6.2412838341,0.27808579476,0.0,-3.05634520365,-1.31394901079,5.33279188938,-0.00357192728916,0.138315689521,0.0,444.34621543594784,441.8412650312922,443.0654840822766,443.5218368177493
3.3000000000000025,-2.56884005553,-1.73558075926,20.8131638216,6.24108186217,0.286467213316,0.0,-3.20828101857,-1.33721421118,5.25936718307,-0.00295785948037,0.142303927772,0.0,422.2978863366838,422.6610563131368,422.5622768895439,422.61528679593187
3.3600000000000025,-2.76676003546,-1.81661954796,21.1289888092,6.24136799901,0.29491209966,0.0,-3.38976528358,-1.36405679131,5.26750642102,0.0169279343912,0.137443343621,0.0,450.22627412364983,449.85090609155566,449.6636075567554,451.27193765953973
3.4200000000000026,-2.97480122983,-1.89913348537,21.4421952653,6.24245574786,0.303597515586,0.0,-3.54569351508,-1.38634267699,5.17264425241,0.0204292478407,0.15638056457,0.0,415.2516040033204,416.93072388977924,417.3089722847339,417.6145201106111
3.4800000000000026,-3.19383250638,-1.98315951517,21.7543743064,6.2440941551,0.312877601263,0.0,-3.75611384786,-1.41435977292,5.23231265045,0.0383761299022,0.151007131651,0.0,467.7251223310345,467.32766387306975,468.6132752328015,470.00666693781636
3.5400000000000027,-3.42512795254,-2.06876571903,22.0683518423,6.24624502789,0.322007839214,0.0,-3.95449565828,-1.43897628025,5.23290657861,0.0302410986521,0.154398911982,0.0,450.823026032457,451.1184976797619,452.60956227540083,451.95476820956804
3.6000000000000028,-3.66775318898,-2.15573093054,22.3800525651,6.24835231229,0.330880271968,0.0,-4.13381016223,-1.45972051936,5.15682837083,0.043430454562,0.129801936686,0.0,427.435768376971,425.3550033833959,427.8111607593408,428.93355644077417
3.660000000000003,-3.92176398748,-2.24395455405,22.6884971715,6.25132850641,0.339123505813,0.0,-4.33391735302,-1.48083597896,5.12412315909,0.0597308828155,0.149356633654,0.0,441.6360929731857,443.26369297667276,442.55227488858947,443.89374686457245
3.720000000000003,-4.18883017446,-2.3334724988,22.9974066992,6.25488166501,0.348120358755,0.0,-4.56900615909,-1.50274615901,5.17176745601,0.0581764757416,0.15110253564,0.0,469.89113779467306,470.04628488623615,470.7210079678804,470.6029227158788
3.780000000000003,-4.46915495282,-2.42416019643,23.3062332684,6.25828236015,0.356993818981,0.0,-4.77593377404,-1.51990680537,5.12189888012,0.0535009132814,0.140548274605,0.0,441.02453307370513,440.1723806604733,441.0581267108908,440.6739309828671
3.840000000000003,-4.76096937756,-2.51575441245,23.6090711184,6.2612889158,0.365475104784,0.0,-4.95204775269,-1.53304976436,4.97272834993,0.0422792266649,0.142919050062,0.0,406.9140494874882,407.1468808134122,407.24265078805735,406.2391952089693
3.900000000000003,-5.06475078868,-2.60817119301,23.9061600854,6.26336357138,0.374294713894,0.0,-5.17475659923,-1.54731788528,4.92955618332,0.0110522518658,0.154092858543,0.0,443.65331386606414,444.5901720000365,445.90506966660206,443.34658500258297
3.960000000000003,-5.38230405474,-2.70142701953,24.2011571716,6.26516244924,0.383249837718,0.0,-5.41111793526,-1.56109050902,4.90281505528,0.0531013792628,0.137208686112,0.0,451.4100446881122,450.06558536069764,450.6393746139825,454.02664853723934
4.020000000000002,-5.71378924471,-2.79545514482,24.4933876025,6.26811188922,0.391975605279,0.0,-5.63915799956,-1.57294730069,4.83756609211,0.039797266872,0.158186928657,0.0,439.80506092618947,441.5592049958177,440.6340085983005,439.53401701393176
4.080000000000001,-6.05893651804,-2.89014502658,24.7811314247,6.26995363286,0.401428195567,0.0,-5.86659734184,-1.58321778629,4.75327366714,-0.00220528035053,0.156225307562,0.0,436.18704956290543,436.0471981543676,436.3408504283947,432.81954840382764
4.14,-6.41928917005,-2.98547432951,25.0669438565,6.26969018592,0.410672189865,0.0,-6.14586550103,-1.59443101787,4.77243975544,-0.00916579136656,0.14936244421,0.0,472.461129749511,471.9524451516372,471.43629048004925,470.8981188948895
4.199999999999998,-6.79607468458,-3.08146562,25.3525679848,6.26891727165,0.419806400123,0.0,-6.41438180961,-1.60532208396,4.74722166217,-0.0216029715343,0.157435696386,0.0,460.4735985822193,461.13284264796954,459.90741037920054,458.92113757513704
4.259999999999997,-7.18855256261,-3.17810485864,25.6351762828,6.26745686531,0.429105600867,0.0,-6.66902126535,-1.61608014765,4.67214925171,-0.0304686353451,0.149581286111,0.0,446.06184100374884,445.44238375354814,446.2620030400262,445.5374578648052
4.319999999999996,-7.59542315727,-3.27537434467,25.9108165744,6.26599531963,0.437585401679,0.0,-6.89423175479,-1.62633674275,4.51546761922,-0.0143157486549,0.11473522826,0.0,419.7621268367647,416.7454199781715,418.62474366309044,420.02819857740366
4.379999999999995,-8.01589338138,-3.37327185153,26.1767895838,6.2658121997,0.444618247712,0.0,-7.12229492354,-1.63694429304,4.35001135047,0.0131772764547,0.121756552075,0.0,415.9382250898486,416.5661625388253,415.3949323195759,417.7996575139965
4.439999999999993,-8.45205747574,-3.47186987804,26.4366101725,6.26796925447,0.451593041142,0.0,-7.41715286443,-1.64951405946,4.30949800008,0.0617952544516,0.10197936155,0.0,462.09102994601477,460.5403041295975,459.87330674075935,463.70975681188406
4.499999999999992,-8.90530655846,-3.57115704684,26.6922567687,6.27190788388,0.458136424596,0.0,-7.691883649,-1.65978686395,4.21126643186,0.0724002844366,0.120378657476,0.0,444.17845655006045,445.69551529124806,443.18829009768285,444.06249699304203
4.559999999999991,-9.377335735,-3.67104840849,26.9461735263,6.27602676619,0.465380845912,0.0,-8.04291591598,-1.66952981557,4.25076172609,0.0598312996565,0.121453426144,0.0,491.4826780694067,491.573969159271,493.6257441187818,492.7001392763019
4.6199999999999894,-9.86839187731,-3.77142243045,27.1978417149,6.27961098177,0.472796548153,0.0,-8.32644135939,-1.67602792867,4.13727566708,0.0595475920047,0.12756309016,0.0,445.1151105564184,445.6287594217961,444.9718046593164,444.9510789240648
4.679999999999988,-10.3775723907,-3.87214267948,27.4443527151,6.28266287275,0.481063202546,0.0,-8.64697033616,-1.68105387415,4.07833173942,0.0213464714671,0.152856438121,0.0,465.12521657066037,467.1186120233246,467.98693084370154,465.0044206557275
4.739999999999987,-10.9047345965,-3.9731241077,27.6843524458,0.00076084538102,0.490164513081,0.0,-8.92607496686,-1.68491792773,3.92075916586,0.0214709104047,0.149247124197,0.0,434.64704734376267,434.3666004746241,435.64350562803537,435.65392385376987
4.799999999999986,-11.4491320974,-4.07432115709,27.9152569318,0.00259738914923,0.498953486347,0.0,-9.22145110812,-1.68821943578,3.7749906473,0.0444734927707,0.140293598881,0.0,441.74249946586883,441.0235342346849,440.94716921058364,442.8442409761711
4.859999999999984,-12.0114049821,-4.17569121253,28.1371279258,0.00534294063615,0.507340453469,0.0,-9.52194172177,-1.69062053549,3.61965406464,0.0482132569398,0.138742297222,0.0,439.9580160583409,439.84788090393863,441.5010468373751,441.8108287051344
4.919999999999983,-12.5919694347,-4.27717128952,28.3495784056,0.00787852469115,0.516222512682,0.0,-9.83118956356,-1.69188761858,3.46087277048,0.0263866289436,0.162066144147,0.0,442.00595702916445,443.9447747718269,442.31200139000384,440.5111328877099
4.979999999999982,-13.1921394039,-4.37868869403,28.5537444152,0.00943404042689,0.526496135887,0.0,-10.1753777795,-1.69193393553,3.34294796679,0.024986314733,0.18510415962,0.0,459.1797403936467,461.03082184701276,459.7658877040347,459.6549984406527
5.0399999999999805,-13.8127846137,-4.48019693433,28.7498569017,0.011196033041,0.537980837876,0.0,-10.5137898904,-1.6915870238,3.19242940004,0.0369357814644,0.201710815722,0.0,452.19312705549225,453.56396361573593,451.78918017076097,452.7521671616397
